1, 4.52661e+07
2, 4.53865e+07
3, 4.55772e+07
4, 4.58529e+07
5, 4.59697e+07
6, 4.61884e+07
7, 4.65084e+07
8, 4.68831e+07
9, 4.7327e+07
10, 4.78909e+07
11, 4.84091e+07
12, 4.91404e+07
13, 5.01073e+07
14, 5.11123e+07
15, 5.23113e+07
16, 5.36606e+07
17, 5.4537e+07
18, 5.59304e+07
19, 5.70072e+07
20, 5.80958e+07
21, 5.92573e+07
22, 6.05221e+07
23, 6.15442e+07
24, 6.23875e+07
25, 6.33859e+07
26, 6.40751e+07
27, 6.46253e+07
28, 6.52788e+07
29, 6.58328e+07
30, 6.64284e+07
31, 6.70725e+07
32, 6.75537e+07
33, 6.81241e+07
34, 6.8563e+07
35, 6.90538e+07
36, 6.95251e+07
37, 6.9939e+07
38, 7.04775e+07
39, 7.09461e+07
40, 7.13987e+07
41, 7.18362e+07
42, 7.24777e+07
43, 7.30849e+07
44, 7.35642e+07
45, 7.39667e+07
46, 7.43602e+07
47, 7.47414e+07
48, 7.51683e+07
49, 7.55794e+07
50, 7.59442e+07
51, 7.6261e+07
52, 7.6627e+07
53, 7.69808e+07
54, 7.7315e+07
55, 7.76088e+07
56, 7.78824e+07
57, 7.81327e+07
58, 7.84007e+07
59, 7.86403e+07
60, 7.88735e+07
61, 7.91073e+07
62, 7.93251e+07
63, 7.95304e+07
64, 7.97346e+07
65, 7.9919e+07
66, 8.01004e+07
67, 8.03107e+07
68, 8.04731e+07
69, 8.06362e+07
70, 8.07956e+07
71, 8.09806e+07
72, 8.11224e+07
73, 8.12481e+07
74, 8.13887e+07
75, 8.15109e+07
76, 8.16268e+07
77, 8.17429e+07
78, 8.18465e+07
79, 8.19535e+07
80, 8.20548e+07
81, 8.21668e+07
82, 8.22582e+07
83, 8.23575e+07
84, 8.24481e+07
85, 8.25301e+07
86, 8.2609e+07
87, 8.26829e+07
88, 8.27471e+07
89, 8.28194e+07
90, 8.28801e+07
91, 8.29466e+07
92, 8.30086e+07
93, 8.30687e+07
94, 8.31257e+07
95, 8.31837e+07
96, 8.32342e+07
97, 8.32942e+07
98, 8.33442e+07
99, 8.34081e+07
