1, 1.34867e+08
2, 1.38401e+08
3, 1.32027e+08
4, 1.35263e+08
5, 1.41944e+08
6, 1.35311e+08
7, 1.31918e+08
8, 1.24202e+08
9, 1.29119e+08
10, 1.22946e+08
11, 1.27284e+08
12, 1.24161e+08
13, 1.15017e+08
14, 1.19008e+08
15, 1.17973e+08
16, 1.1755e+08
17, 1.15909e+08
18, 1.15147e+08
19, 1.04904e+08
20, 1.06379e+08
21, 1.05316e+08
22, 1.04093e+08
23, 1.01188e+08
24, 1.01021e+08
25, 9.91594e+07
26, 1.02034e+08
27, 9.90673e+07
28, 9.78126e+07
29, 9.53635e+07
30, 9.90794e+07
31, 9.4378e+07
32, 9.40266e+07
33, 9.58881e+07
34, 9.37599e+07
35, 9.42237e+07
36, 9.39068e+07
37, 9.06643e+07
